1     index                                              0.00448695232625366
2     United_States_09d4                                 3.62434478139651E-4
3     Geographic_coordinate_system                       2.9034952020677714E-4
4     Biography                                          2.455058818089929E-4
5     2007                                               2.1272183328379667E-4
6     France                                             1.526911330604286E-4
7     2008                                               1.3486836788600766E-4
8     United_Kingdom_5ad7                                1.3364129988688045E-4
9     Biological_classification                          1.333118012980779E-4
10    Music_genre                                        1.3028873548197775E-4
11    Record_label                                       1.2987535388201126E-4
12    England                                            1.1713838592552053E-4
13    2006                                               1.1707138660819868E-4
14    Canada                                             1.0090008958035623E-4
15    2005                                               9.3351573220069E-5
16    Internet_Movie_Database_7ea7                       9.187322747791887E-5
17    Binomial_nomenclature                              8.66257615363689E-5
18    India                                              8.144376065253082E-5
19    Australia                                          8.129257437053274E-5
20    Personal_name                                      7.987293800649375E-5
21    Germany                                            7.821202820906581E-5
22    Departments_of_France_f3ab                         7.535378632163688E-5
23    Studio_album                                       7.414274295553913E-5
24    2004                                               6.980500442813893E-5
25    Village                                            6.979574536089608E-5
26    Japan                                              6.78243838012661E-5
27    Football_%28soccer%29                              6.748962072587478E-5
28    Record_producer                                    6.679618697640528E-5
29    English_language                                   5.889720018387003E-5
30    2003                                               5.6962983584947655E-5
31    Conservation_status                                5.682550162598911E-5
32    Politician                                         5.652421516957305E-5
33    Population_density                                 5.0076081344024906E-5
34    2001                                               5.007090861080989E-5
35    London                                             4.991940307329759E-5
36    Animal                                             4.983451911618256E-5
37    Europe                                             4.9438459702807074E-5
38    Italy                                              4.910804119156371E-5
39    World_War_II_d045                                  4.868895345584574E-5
40    Album                                              4.8338164687555175E-5
41    Website                                            4.8092787954113496E-5
42    2002                                               4.730022506805901E-5
43    Wiktionary                                         4.696710969131327E-5
44    Romania                                            4.6919118438639676E-5
45    Metre                                              4.681824335026655E-5
46    1999                                               4.356141128756961E-5
47    2000                                               4.3449007064846656E-5
48    Time_zone                                          4.3395703326076057E-5
49    Public_domain                                      4.2081696263088355E-5
50    Plant                                              4.069101322846199E-5
51    Square_mile                                        3.955225118573937E-5
52    Spain                                              3.920718902513959E-5
53    Elevation                                          3.917595878909134E-5
54    Actor                                              3.899111762785136E-5
55    Area                                               3.8411784886089935E-5
56    Square_kilometer                                   3.788577170375664E-5
57    1998                                               3.688979161564264E-5
58    Television                                         3.670670555782029E-5
59    Digital_object_identifier                          3.6542793214849934E-5
60    New_York_City_1428                                 3.646944409219063E-5
61    Population                                         3.645863671622319E-5
62    Poland                                             3.6446821582678093E-5
63    New_York_3da4                                      3.6233188808178385E-5
64    Flowering_plant                                    3.5850322379399425E-5
65    California                                         3.580311518435519E-5
66    Sweden                                             3.5783385974236384E-5
67    Scotland                                           3.574043440514861E-5
68    Film                                               3.520611306495707E-5
69    China                                              3.500207344349053E-5
70    Norway                                             3.4682343200515646E-5
71    Animalia                                           3.4222002232329846E-5
72    Russia                                             3.3781339059951204E-5
73    1997                                               3.35180692009073E-5
74    Brazil                                             3.35063289434883E-5
75    1996                                               3.245835525999111E-5
